41.9983 -124.4
41.717  -124.45
41.2386 -124.34
41.011  -124.31
40.4658 -124.65
40.1663 -124.53
39.7642 -124.08
39.3088 -124.03
38.9946 -123.97
38.7423 -123.83
38.3449 -123.32
37.8965 -123.23
37.7783 -122.89
37.2227 -122.68
36.7268 -122.17
36.2808 -122.14
35.9691 -121.8
35.5255 -121.32
35.2131 -121.13
34.9749 -120.84
34.536  -120.91
34.2561 -120.71
34.1925 -120
33.9582 -119.37
33.7928 -118.7
33.5403 -118.62
33.4578 -118.05
33.2341 -117.68
33.0501 -117.59
32.7838 -117.48
32.5121 -117.33
32.6868 -115.19
32.7191 -114.72
32.748  -114.69
32.7353 -114.61
32.7503 -114.56
32.7573 -114.52
32.785  -114.53
32.8161 -114.5
32.8427 -114.46
32.9372 -114.48
32.9764 -114.47
32.9718 -114.49
33.0328 -114.51
33.0351 -114.57
33.0282 -114.58
33.0305 -114.62
33.0501 -114.64
33.0328 -114.66
33.0858 -114.69
33.0904 -114.7
33.172  -114.67
33.2467 -114.69
33.2582 -114.66
33.2754 -114.68
33.2858 -114.72
33.3041 -114.73
33.3546 -114.69
33.4039 -114.7
33.4142 -114.65
33.4418 -114.62
33.507  -114.57
33.5311 -114.55
33.5528 -114.52
33.5895 -114.53
33.6363 -114.52
33.6832 -114.52
33.7083 -114.49
33.7597 -114.5
33.8248 -114.52
33.8613 -114.52
33.9058 -114.5
33.9308 -114.53
33.9582 -114.51
34.0117 -114.46
34.0276 -114.43
34.0856 -114.43
34.1118 -114.4
34.1186 -114.36
34.1368 -114.32
34.172  -114.29
34.1914 -114.22
34.2044 -114.22
34.2595 -114.16
34.2561 -114.13
34.3049 -114.13
34.3559 -114.18
34.4024 -114.26
34.4375 -114.3
34.45   -114.33
34.4601 -114.38
34.5235 -114.37
34.5869 -114.43
34.6581 -114.45
34.6648 -114.45
34.7269 -114.49
34.789  -114.56
34.8454 -114.59
34.8758 -114.63
34.9107 -114.62
34.9659 -114.63
35.0075 -114.63
36.3594 -116.36
37.5555 -117.95
39.0021 -120
41.9983 -119.99
41.9962 -121.23
42.0075 -122
42.0126 -123.15
42.0024 -123.62
41.9983 -124.4
